0 0.740625 0.20078125 0.1359375 0.140625
0 0.80234375 0.5859375 0.3796875 0.375
0 0.546875 0.6140625 0.33125 0.334375
0 0.29921875 0.640625 0.28125 0.284375
0 0.16640625 0.665625 0.2015625 0.2203125
0 0.096875 0.6703125 0.1640625 0.1875
0 0.1703125 0.5203125 0.1609375 0.1640625
0 0.06796875 0.58046875 0.1359375 0.1375
0 0.25546875 0.446875 0.153125 0.15625
0 0.32734375 0.39375 0.1125 0.1171875
0 0.37265625 0.35390625 0.1109375 0.125
0 0.6203125 0.43046875 0.2359375 0.2265625
0 0.79921875 0.36484375 0.2640625 0.2625
0 0.53671875 0.3484375 0.1578125 0.14375
0 0.646875 0.26796875 0.1484375 0.1515625