0 0.7078125 0.17734375 0.1421875 0.1453125
0 0.80625 0.5546875 0.384375 0.390625
0 0.55859375 0.60859375 0.3421875 0.34375
0 0.31484375 0.6609375 0.2921875 0.29375
0 0.18515625 0.7 0.2109375 0.225
0 0.11640625 0.7109375 0.1734375 0.1890625
0 0.17421875 0.5546875 0.165625 0.16875
0 0.07890625 0.62578125 0.140625 0.1421875
0 0.2515625 0.47265625 0.1578125 0.1609375
0 0.3171875 0.4125 0.1171875 0.1203125
0 0.3578125 0.36875 0.1171875 0.1265625
0 0.61171875 0.41796875 0.2421875 0.2359375
0 0.78359375 0.334375 0.2734375 0.271875
0 0.52109375 0.3453125 0.1609375 0.1515625
0 0.621875 0.25390625 0.1546875 0.15625