0 0.853125 0.3484375 0.10625 0.1140625
0 0.7265625 0.71796875 0.3015625 0.2953125
0 0.48828125 0.62265625 0.2609375 0.265625
0 0.25703125 0.53046875 0.221875 0.2265625
0 0.12734375 0.48984375 0.1484375 0.1859375
0 0.0640625 0.4609375 0.1171875 0.1609375
0 0.2 0.36328125 0.125 0.13125
0 0.08046875 0.36875 0.1046875 0.1109375
0 0.309375 0.33828125 0.11875 0.125
0 0.39765625 0.325 0.0859375 0.0953125
0 0.45625 0.31171875 0.0796875 0.10625
0 0.6390625 0.49453125 0.1921875 0.1734375
0 0.82734375 0.52109375 0.209375 0.2078125
0 0.60390625 0.38359375 0.1328125 0.10625
0 0.7390625 0.3640625 0.115625 0.121875